Цикл з лічильником:
0	1
1	5
2	19
3	65
4	211
5	665
6	2059
7	6305
8	19171
9	58025
10	175099

Генератор-функція:
0	1
1	5
2	19
3	65
4	211
5	665
6	2059
7	6305
8	19171
9	58025
10	175099

Цикл з умовою:
Остаточне значення: 11898637375327259732014097337769299293688798294769333508984283314041457376120344095867004824655472557675187999271853241203558591238905570206788084527321583066248582026784887234859272623773232878631576599095897489947704337872386505644804080022672738025417110703401387947022089164469563145655062441286759414559779855330068930313261448369032719972970083695079792018234874612034800510836073750950842700223386473598144867165468673670868684927978323817453809968579060377571303024702505
